3.056245465004216958e-03
3.806319454029539941e-03
6.199256643969699825e-03
1.316552379369714115e-02
3.752187681678906608e-03
9.607855270079207477e-03
5.991129009905035545e-03
6.318687575723414170e-03
3.010017173839757074e-03
4.124303439959290524e-03
1.068653689336287148e-02
1.081393856924178602e-02
1.613887254906251623e-02
1.208776626522906940e-02
2.104827301406803249e-03
1.711388153027931574e-03
5.909185097773719635e-03
6.760415372590980292e-03
8.102621068536437765e-03
4.693268015860564170e-03
2.830425226910727315e-03
8.665255837418424714e-03
7.313228702197751945e-03
1.657005913048399323e-02
1.028874490964961849e-02
4.355421457686973336e-03
3.004210832517730748e-03
7.164407207629122469e-03
7.179898359521407099e-03
6.242792214053582631e-03
4.874745961358517739e-03
4.810256033742304690e-03
6.606312327678278210e-03
6.340326256024220349e-03
7.424862658717321096e-03
4.947722295705941388e-03
5.186637875865497335e-03
2.705606013961528271e-03
3.865202521801239244e-03
6.312665469425998363e-03
6.153293588546560229e-03
8.004125862811040451e-03
1.961384263565650946e-02
4.805602412346661988e-03
1.259270242551041412e-02
3.640800995667055773e-03
8.932685261143991085e-03
5.732582768140620511e-03
2.519200853902449702e-03
8.503601440294454930e-03
5.143274864697680408e-03
5.924890315554849976e-03
6.714775391186905869e-03
2.146287493545250870e-03
4.863896118775691037e-03
4.509357679485430891e-03
1.111784533223936396e-02
4.357465595953069482e-03
1.132857649503999156e-02
7.570074281803103843e-03
6.889987819345446719e-03
5.044010219008236706e-03
5.882629394694172641e-03
4.527977912318146246e-03
1.252552370033721899e-02
8.058746782866553146e-03
2.839257124438615641e-03
5.649541834555901060e-03
4.733444288901651580e-03
3.131423453529570602e-03
5.401729849871948069e-03
1.745167646432683149e-03
3.063452375779028916e-03
1.656907351228450315e-02
4.012251120770428045e-03
2.860694117061636423e-03
4.867499274573828041e-03
9.940917534019953761e-03
7.098813613387688556e-03
2.964383687166880811e-03
5.555390132593541509e-03
2.679108374670341550e-03
8.214552602566474113e-03
5.445323583263339713e-03
4.992021859736021222e-03
4.535140775369754518e-03
4.764317955164746460e-03
1.118799573045777158e-02
9.145925813708851229e-03
9.503211981348220691e-03
2.944423861552800288e-03
1.132650448089321873e-02
8.101437088114955831e-03
3.284450083303690291e-03
8.035363454809530542e-03
1.632844977929186550e-02
8.158674201796282249e-03
5.993240665546083895e-03
8.406280222413501160e-03
1.025493522008936315e-02
1.678411607831386231e-03
2.867918595427904147e-03
7.625178643523401051e-03
2.633997214679719215e-03
1.251672063324622310e-02
8.963866863560186055e-03
1.111600026212462324e-02
9.946434712809692005e-03
1.057049717816454550e-02
2.586860302218817968e-03
4.002005558393041326e-03
6.215589389449333556e-03
2.671782486008484909e-03
5.237889319724545363e-03
7.548914413294678313e-03
4.668301491055277738e-03
9.751419736864519808e-03
4.713116695529774233e-03
4.282618698669972759e-03
5.889439958057568827e-03
8.034041777834847325e-03
8.125191164071699293e-03
4.523937679189899211e-03
5.635355268921793566e-03
4.853142391614934451e-03
9.004553194910103892e-03
4.891526345653053262e-03
7.091631396281885928e-03
2.855939570802658225e-03
1.346962952853571205e-02
8.109040080599878852e-03
2.785712290454105729e-03
4.824761774943409250e-03
5.544678003000491281e-03
6.279038689851131755e-03
8.199835951649754595e-03
6.731176027283220127e-03
6.178252111356257077e-03
5.696175285622862537e-03
4.321739974097804811e-03
1.878666664502340929e-03
4.478675822910920500e-03
6.946205505145165715e-03
4.736838729003557333e-03
3.601879608925735894e-03
3.953720879243399419e-03
1.124354503279940791e-02
2.236839933498259783e-02
8.046257818229884257e-03
4.536207310283159842e-03
