4.053879493391424754e-03
3.780919332890117154e-03
3.317945714672701756e-03
3.867566472477927241e-03
4.589749450130920123e-03
3.295886298931338925e-03
4.428651335569579531e-03
1.184079555185507497e-02
1.275100655858629924e-02
5.145482742143069055e-03
7.955828842226567860e-03
2.548439911755643640e-03
7.879683736198832972e-03
1.777948214672815663e-02
3.097086203948218319e-03
5.316706263999272999e-03
8.687382547271508063e-03
4.558344036595487689e-03
1.240294833327061988e-02
6.864344067226779353e-03
2.372035369166466696e-03
6.569821639316826035e-03
4.002509075110462222e-02
4.293933270515075395e-03
6.291121662229886592e-03
3.062830356999333200e-03
7.170139681976387758e-04
1.294749769023854349e-03
8.755375714969655665e-03
8.718678507948652429e-03
9.334752742930461922e-03
2.224202014429390618e-03
2.879472239672735759e-03
2.714994551292871684e-03
4.871372703872159891e-03
4.052261753088827120e-03
6.715531293079141095e-03
2.892370641252821686e-03
1.238633695558287668e-03
8.429876431510569673e-03
5.612887103084051275e-03
4.946334919426672097e-03
6.694574276515627247e-03
5.108459574416164897e-03
9.329961580545127059e-03
5.683830904352064547e-03
4.454310969707943671e-03
3.217151924931382478e-03
6.805796366031606525e-04
6.972454327809692043e-03
1.450487266476056976e-02
8.199611241136684284e-03
5.087967060014575438e-03
8.626796765077337364e-03
7.869151876759955880e-03
7.440323481977177342e-03
4.882051407052787409e-03
6.553149586605244714e-03
5.039974676493761199e-03
2.081166734040651792e-03
8.770939833901618063e-03
5.916386097806321243e-03
9.078693183051773918e-03
1.361670182185849634e-02
6.146087030246545450e-03
7.064749358504666434e-03
5.473742824873529915e-03
1.163833989440616647e-02
1.063249909068986025e-02
3.826400088601686952e-03
6.026220158310326971e-04
2.377173809348337268e-03
5.336122833805017653e-03
5.973917701660664062e-03
8.848880106736786016e-03
1.183625985267623693e-02
8.903426941085923474e-03
1.254316611851625379e-02
2.823414756589596748e-03
1.632797739947870622e-03
4.538079090630420254e-03
3.135822651528786132e-03
4.495243079243647563e-03
7.152695075322464124e-03
3.575075549267824841e-03
7.625828179390047382e-03
8.443441733063732427e-03
3.213753904308181905e-03
9.375152758867449226e-03
6.927309320958168447e-03
1.941557677519001410e-03
6.787489325983724238e-03
4.452325441328229202e-03
9.559261265457592860e-03
4.904288453499581341e-03
1.581766592655027559e-02
1.094132528388731471e-02
1.481527437862430836e-03
1.037640081630535581e-02
3.921385999008559359e-03
7.508961143413027742e-03
6.580738296572048208e-03
5.797640030594466802e-03
3.909896144167185512e-03
6.725466914099027631e-03
8.031252953713898662e-03
4.426207858829999883e-03
5.885832177691207798e-03
3.042293426848197146e-03
9.164282504493909479e-03
8.161074455783644266e-03
5.215154021056433130e-03
4.384171975771121096e-03
3.519756351872960209e-03
5.873389659583729341e-03
5.863675538561045203e-03
6.785575971518851765e-03
6.110122151250057566e-03
1.039633408549645380e-02
3.860318590478021682e-03
3.804611741161756377e-03
2.010946309100699030e-03
1.053887538675485347e-02
6.488372696668995125e-03
1.164231137379644065e-02
5.866528715858475122e-03
1.960988793302703356e-03
7.021472522571878087e-03
6.628131121808183111e-03
4.926232163474535998e-03
5.127117929848656018e-03
5.637716894187155825e-03
2.668015849931662520e-03
5.999542475124805020e-03
3.112104402970065388e-03
7.127379608063881024e-03
4.864832387658972121e-03
4.845424701611786983e-03
5.372983670741134955e-03
3.853100145558505715e-03
8.466238237488288645e-03
9.604163050651435066e-03
7.721551647694502307e-03
9.327509074594994565e-03
9.668365868161558213e-03
1.447802965876916238e-02
4.522684402398963015e-03
2.890712972912596115e-02
6.871201877926554763e-03
1.338448441373740749e-02
